num_valid_az   	= 46206 
nrows   		= 46206 
first_line   		= 1 
deskew   		= n 
caltone   		= 0.000000 
st_rng_bin   		= 1 
Flip_iq   		= n 
offset_video   	= n 
az_res   		= 0.000000 
nlooks   		= 1 
chirp_ext   		= 0 
scnd_rng_mig   	= 0 
rng_spec_wgt   	= 1.000000 
rm_rng_band   		= 0.200000 
rm_az_band   		= 0.000000 
rshift  		= -34 
ashift  	 	= 0 
stretch_r   		= 0 
stretch_a   		= 0 
a_stretch_r   	= 0 
a_stretch_a   	= 0 
first_sample   	= 142 
SC_identity   		= 10 
rng_samp_rate   	= 64345238.125714 
input_file		= s1a-iw1-slc-vv-20250324t233147-20250324t233321-058453-073af4-004.tiff 
num_rng_bins		= 45368 
bytes_per_line		= 181472 
good_bytes_per_line	= 181472 
PRF			= 486.486310 
pulse_dur		= 5.240481e-05 
near_range		= 799041.698606 
num_lines		= 46206 
num_patches		= 1 
SC_clock_start		= 2025082.9804159845 
SC_clock_stop		= 2025082.9815152788 
clock_start		=  82.980415984544 
clock_stop			=  82.981515278924 
led_file		= S1_20250324_233147_F1.LED 
orbdir	= D 
lookdir	= R 
radar_wavelength	= 0.0554658 
chirp_slope	= 1.07815e+12 
rng_samp_rate		= 64345238.125714 
I_mean			= 0 
Q_mean			= 0 
SC_vel			= 7171.147040 
earth_radius		= 6375713.329620 
equatorial_radius	= 6378137.000000 
polar_radius		= 6356752.310000 
SC_height		= 697914.136438 
SC_height_start	= 697422.459730 
SC_height_end	= 698401.466364 
fd1			= 0.000000 
fdd1			= 0.000000 
fddd1			= 0.000000 
sub_int_r               = 0.000000 
sub_int_a               = 0.000000 
SLC_file               = S1_20250324_233147_F1.SLC 
dtype			= a 
SLC_scale               = 1.000000 
